([3.0834, 3.64782],42775.65,1,10)
([2.012461384732851, 2.973328494014491],18.280383908079546,5,50)
([2.0056345296905556, 2.9938662863676164],0.03891477924052869,9,90)
([2.0026868224181644, 2.998208921651206],0.003978622196875889,13,130)
([2.0011766785606198, 2.9986607796850064],0.0015596971821557738,17,170)
([2.0002760629036946, 2.9993830693284567],3.672028690818141E-4,21,210)
([2.000258003317425, 2.9998055040141964],7.019892735887083E-5,25,250)
([5.739545837287685, 9.214253206097034],285.50162896178756,29,540)
([5.868790498264974, 9.081508520028292],20.79219886192191,33,580)
([5.962287045311733, 9.03695354016269],4.799198364378337,37,620)
([1.9642702710730786, 2.9709249657926478],1921.005828272447,41,275)
([1.999869327470041, 3.0000286573896036],1.5326720430151687E-4,45,315)
([1.999948610551059, 3.0000616581784323],1.7001272326112966E-6,49,355)
([1.999984931011261, 3.0000249291676475],4.644848969379523E-7,53,395)
([5.229470777542736, 5.5840106182503195],71054.88206005484,57,760)
([6.553803254982259, 8.033755621360518],879.6825665516201,61,800)
([6.335867636852619, 8.621683338755284],188.38499976896185,65,840)
([6.203715787449135, 8.860795850535652],72.93079777920256,69,880)
([6.059607102600234, 8.911856908508234],9.563578834437847,73,920)
([6.045992824299845, 8.960981238307754],0.9214793444354136,77,659)
([6.017748419114715, 8.967499876600606],0.9619553036629487,81,699)
([6.011925225672612, 8.984333268438721],0.08436001628178916,85,739)
([1.8537401903074655, 3.2300865494949673],3567.353132825009,89,454)
([1.8908522602336766, 3.07817221485608],6.394067488481758,93,494)
([6.418247295636036, 8.408881797880804],1418.7111178279736,97,970)
