([1.7746703128, 2.533230104],5349.828423848001,2,20)
([2.0160656611669836, 2.98993942503532],0.9953106770440912,6,60)
([2.0057215840117815, 2.996949494537235],0.0460525145595725,10,100)
([2.001742408539219, 2.99804019941077],0.005588194075429234,14,140)
([2.0009145168346665, 2.998924305726485],0.001653498776554812,18,180)
([2.0004108279031243, 2.999705978750433],4.050227737214052E-4,22,220)
([2.2832975740344037, 3.6049631667098025],11907.423359349825,26,510)
([5.765261026261171, 9.200360164346888],24.185641876216884,30,550)
([5.955532227637045, 9.105114084842347],23.643211095295964,34,590)
([5.968831293648197, 9.022564391974676],1.9463322661363809,38,630)
([2.0026835604583266, 3.0034783121009063],5.797465186006733,42,285)
([1.9999225240442786, 3.0000667285605247],1.465077640759278E-5,46,325)
([1.9999891575404014, 3.0000707237592374],3.811800599100497E-6,50,365)
([1.9999846656725235, 3.000014609400107],6.331620716511303E-7,54,405)
([9.19162966651785, 9.886928349956282],44379.201225060286,58,770)
([6.753210269592612, 8.555688384814948],984.7058623952607,62,810)
([6.325146316758077, 8.69241967673243],75.9041991407134,66,850)
([6.166405216010011, 8.868335198501956],21.625652405159094,70,890)
([6.066820086910478, 8.958471027238055],9.196918590439822,74,930)
([6.037619447450039, 8.963973079939862],1.2546330147841498,78,669)
([6.024755085725646, 8.985335793967263],1.1382806493746385,82,709)
([6.011216037561715, 8.989816052376383],0.23588633106659168,86,749)
([1.8669916911172575, 3.184657540605438],30.976914722371703,90,464)
([4.768789716239052, 4.65456964031063],52858.27784729788,94,504)
([6.5075599018856165, 8.620087232941172],218.7315525514865,98,980)
