([1.9500167181929602, 2.876712786689136],499.5953168886231,3,30)
([2.005765068376685, 2.9902178693309915],0.4207178582452601,7,70)
([2.003258182594834, 2.9966953106778473],0.03329792227549183,11,110)
([2.00127623198497, 2.9982419726626848],0.003019263367250412,15,150)
([2.000998543903456, 2.9994133821536537],0.0011231313576010606,19,190)
([2.0003230187764363, 2.9997292040617354],1.0725793610798204E-4,23,230)
([5.0516962977313735, 8.854104960998253],96521.56893938442,27,520)
([5.848872639818578, 9.14554097876101],76.52621348115557,31,560)
([5.925580759986797, 9.052276609846805],10.55521946032297,35,600)
([5.973988157579189, 9.018315934361766],0.6414916010669797,39,640)
([1.9981572933893583, 2.9991812444030286],0.06773263475512806,43,295)
([1.9999581991386617, 3.0000832406309836],4.155338349414023E-6,47,335)
([1.9999547184848343, 3.0000203417586366],7.974501029508996E-6,51,375)
([1.9999886085006415, 3.0000151381082554],1.3184127167054082E-7,55,415)
([6.850507986674901, 7.505106283869278],23961.247303197168,59,780)
([6.4859392847889525, 8.468324689340088],406.23636468319467,63,820)
([6.224777642170662, 8.714881460089824],98.85826861555353,67,860)
([6.080469972873068, 8.839999029979344],26.42299173332727,71,900)
([6.053814365154522, 8.952546048245269],1.5574629171498349,75,940)
([6.034920724114325, 8.96360016735683],0.22022397222951046,79,679)
([6.010103196765518, 8.978685787051957],0.6629792393136084,83,719)
([3.4839346231680746, 6.8625824068204615],57172.34716078336,87,434)
([1.8970698241402435, 3.157881305173718],22.362688473077846,91,474)
([8.046041108617057, 9.236433414300826],59862.888910559006,95,950)
([6.46526482875483, 8.638049167612095],70.72812867766848,99,990)
