([2.064671218167525, 3.050800994216405],67.9841453974856,4,40)
([2.0060832783660896, 2.992217036811222],0.04430403793446273,8,80)
([2.002357393577381, 2.9973240022540275],0.012531413592535004,12,120)
([2.0016987561802893, 2.9988998389710835],0.0015432701549337048,16,160)
([2.000189223334099, 2.999183141033371],0.001682696425881125,20,200)
([2.0003340923404376, 2.999792679379769],3.402972302289502E-5,24,240)
([5.952221278389293, 9.475688838443379],2361.642942965005,28,530)
([5.862886273585463, 9.136505181715574],8.582305559043132,32,570)
([5.952665410356942, 9.060969525182772],3.902957382799505,36,610)
([2.579064602193893, 3.627808212181561],114902.21727304813,40,265)
([2.0000677853813045, 3.0002335538029152],0.01095515108510068,44,305)
([1.9999320211996283, 3.000053251386728],3.505158037197691E-6,48,345)
([1.9999892870450415, 3.0000321578771585],3.3123903807196566E-6,52,385)
([1.9999861853035275, 3.00001091420601],9.084510268971488E-8,56,425)
([6.959243414299139, 8.073747724005209],1893.945414904505,60,790)
([6.4901500612139555, 8.622391850575726],199.6688103201902,64,830)
([6.197509408411149, 8.74266783665422],35.129251015142025,68,870)
([6.097280158436047, 8.91007115562316],24.647232245439458,72,910)
([6.05202377189574, 8.959623059719933],1.080479501394132,76,649)
([6.023567375086679, 8.961128950065811],0.7662881833750712,80,689)
([6.011965923278144, 8.982439422823456],0.15296574921430078,84,729)
([0.7876977374321967, 2.730581923529172],49903.07909685227,88,444)
([1.8852980930338818, 3.0978081409405456],20.68190805524197,92,484)
([7.00704733216529, 8.455663642373938],5776.060102942874,96,960)
([6.392416892534643, 8.674902865880851],118.0820233389423,100,1000)
